00000000000010010100000011000000
00000000000010010100000011000010
00000001000000000000000000001000
00000000000000000100000000010000
00000000000000000100000000010010
00000001001010100000000000011000
00000001001010100000000000010001
00000001001010100000000000011010
00000001001010100000000000011011
00000010000100010100000000100001
00000010010100110100100000100000
00000001001010100100000000100010
00000001001010100100000000100011
00000001001010100100000000100100
00000001001010100100000000100100
00000001001010100100000000101010
00000001001010100100000000101011
01110001001010100100000000000010
00000000000010010100000011000000
00000000000010010100000011000010
00000001000000000000000000001000
00000000000000000100000000010000
00000000000000000100000000010010
00000001001010100000000000011000
00000001010010010000000000000000
00000001001010100000000000011010
00000001001010100000000000011011
00000010000100010100000000100001
00000010010100110100100000100000
00000001001010100100000000100010
00000001001010100100000000100011
00000001001010100100000000100100
00000001001010100100000000100100
00000001001010100100000000101010
00000001001010100100000000101011
01110001001010100100000000000010
00000000000010010100000011000000
00000000000010010100000011000010
00000001000000000000000000001000
00000000000000000100000000010000
00000000000000000100000000010010
00000001001010100000000000011000
00000001010010010000000000000000
00000001001010100000000000011010
00000001001010100000000000011011
00000010000100010100000000100001
00000010010100110100100000100000
00000001001010100100000000100010
00000001001010100100000000100011
00000001001010100100000000100100
00000001001010100100000000100100
00000001001010100100000000101010
00000001001010100100000000101011
01110001001010100100000000000010
00000000000010010100000011000000
00000000000010010100000011000010
00000001000000000000000000001000
00000000000000000100000000010000
00000000000000000100000000010010
00000001001010100000000000011000
00000001010010010000000000000000
00000001001010100000000000011010
00000001001010100000000000011011
00000010000100010100000000100001
00000010010100110100100000100000
00000001001010100100000000100010
00000001001010100100000000100011
00000001001010100100000000100100
00000001001010100100000000100100
00000001001010100100000000101010
00000001001010100100000000101011
01110001001010100100000000000010
00000000000010010100000011000000
00000000000010010100000011000010
00000001000000000000000000001000
00000000000000000100000000010000
00000000000000000100000000010010
00000001001010100000000000011000
00000001010010010000000000000000
00000001001010100000000000011010
00000001001010100000000000011011
00000010000100010100000000100001
00000010010100110100100000100000
00000001001010100100000000100010
00000001001010100100000000100011
00000001001010100100000000100100
00000001001010100100000000100100
00000001001010100100000000101010
00000001001010100100000000101011
01110001001010100100000000000010
00000000000010010100000011000000
00000000000010010100000011000010
00000001000000000000000000001000
00000000000000000100000000010000
00000000000000000100000000010010
00000001001010100000000000011000
00000001001010100000000000011001
00000001001010100000000000011010
00000001001010100000000000011011
00000010000100010100000000100001
00000010010100110100100000100000
00000001001010100100000000100010
00000001001010100100000000100011
00000001001010100100000000100100
00000001001010100100000000100100
00000001001010100100000000101010
00000001001010100100000000101011
01110001001010100100000000000010
00000000000010010100000011000000
00000000000010010100000011000010
00000001000000000000000000001000
00000000000000000100000000010000
00000000000000000100000000010010
00000001001010100000000000011000
00000001001010100000000000011001
00000001001010100000000000011010
00000001001010100000000000011011
00000010000100010100000000100001
00000010010100110100100000100000
00000001001010100100000000100010
00000001001010100100000000100011
00000001001010100100000000100100
00000001001010100100000000100101
00000001001010100100000000101010
00000001001010100100000000101011
01110001001010100100000000000010
